[[19.23633853 19.88018016]]	3
[[ 8.55610143 39.86071746]]	1
[[38.9094645  26.50304593]]	4
[[40.59231402 24.53304514]]	4
[[42.195086   18.25288525]]	4
[[41.75607604 10.13306778]]	4
[[41.62663447 19.76733182]]	4
[[50.61198998  9.80162919]]	4
[[38.18115876 14.0210681 ]]	4
[[47.66297152 11.0260871 ]]	4
[[20.01322287 15.49744563]]	3
[[27.18569689 29.62667011]]	3
[[43.15671631 10.68037283]]	4
[[18.84136596 21.04861335]]	3
[[18.15578724 28.70344429]]	3
[[46.84467555 13.46234794]]	4
[[36.3796843 17.4792305]]	4
[[21.40413146 31.85062817]]	3
[[27.5742276  43.32330687]]	2
[[23.8267946  45.65016145]]	2
[[29.88382523 35.71141038]]	2
[[21.43738509 16.30087916]]	3
[[49.79966546 15.52253041]]	4
[[47.18875143  7.36654327]]	4
[[22.52144227 27.98878465]]	3
[[12.63868052 10.25161755]]	3
[[48.45087051 13.10943498]]	4
[[36.5611202 11.5568229]]	4
[[41.33655504 13.50536967]]	4
[[48.14323295 15.04053274]]	4
[[18.98881569 25.21689715]]	3
[[27.42624445 18.07207965]]	3
[[26.95748157 42.34834221]]	2
[[10.02318269 25.69685765]]	3
[[44.29409814 11.47149262]]	4
[[20.80827372 20.96663326]]	3
[[40.80376789  4.38298851]]	4
[[11.76955383 17.56425771]]	3
[[19.22674339 14.26710691]]	3
[[48.54054865 10.72178221]]	4
[[36.61930815 41.79156592]]	2
[[50.31977197 10.54830606]]	4
[[30.72469536 42.89507547]]	2
[[47.32310929 13.09686275]]	4
[[40.40673643 11.07028661]]	4
[[37.94043074 17.18635605]]	4
[[ 2.36550562 30.61419022]]	1
[[39.83821064 10.76709953]]	4
[[26.78946389 12.84359252]]	3
[[45.94908911 14.06372956]]	4
[[16.42367621 26.41749643]]	3
[[19.79985008 25.99425481]]	3
[[18.190784   22.23767721]]	3
[[18.62040306 18.28032901]]	3
[[ 4.89056022 41.59923917]]	1
[[53.76836265 11.4119864 ]]	4
[[43.92585759 20.91937892]]	4
[[34.15896849 37.7777569 ]]	2
[[48.64422777 10.9746707 ]]	4
[[35.09406565 44.41293962]]	2
[[45.01242598 29.88736497]]	4
[[ 8.39938752 15.03712976]]	3
[[45.09221818  9.78888167]]	4
[[44.76604793  5.19740626]]	4
[[39.73945132  6.8057907 ]]	4
[[25.63515765 16.78896022]]	3
[[27.74198534 34.39872921]]	2
[[53.65688083 16.41481222]]	4
[[45.1079678 10.5786652]]	4
[[23.03800465 44.42779951]]	2
[[19.05243807 22.77749788]]	3
[[12.69499283 19.84272665]]	3
[[56.54717878 19.84418119]]	4
[[-0.98188392 39.44209032]]	1
[[31.64662168 52.94019708]]	2
[[41.65493932 16.93785035]]	4
[[30.72456441 19.27644341]]	3
[[49.68001123 22.40512714]]	4
[[45.06273808  2.17983698]]	4
[[50.21121468 14.00869957]]	4
[[35.17240015  6.09136354]]	4
[[47.59799139 11.62812444]]	4
[[45.34874366 10.79645016]]	4
[[15.99491791 32.6085577 ]]	3
[[42.9152281 16.3868548]]	4
[[38.94050833 41.36191802]]	2
[[36.22144408 15.11778805]]	4
[[44.59017602 18.67998758]]	4
[[45.13099745 12.11588908]]	4
[[53.12948571 15.93701306]]	4
[[52.70206408 12.20637711]]	4
[[21.63843836 14.87576223]]	3
[[ 8.9349255  38.41854279]]	1
[[48.18344046 11.15950997]]	4
[[26.28664822 43.91485195]]	2
[[45.16607188 15.18388177]]	4
[[24.74746534 37.94918132]]	2
[[ 3.71947134 30.02547042]]	1
[[30.89188339 20.38729705]]	3
[[ 6.46415181 33.39551275]]	1
[[54.37232466 16.38697817]]	4
[[ 2.97026057 30.52351699]]	1
[[30.15023941 35.68681486]]	2
[[51.00765724  3.14507041]]	4
[[26.68993661 20.27807662]]	3
[[47.93410669 18.04342047]]	4
[[37.82505936 11.16062087]]	4
[[ 1.31806567 48.28577469]]	1
[[14.31999358 27.76208558]]	3
[[52.75429269 14.66882666]]	4
[[44.0738977   5.89247547]]	4
[[47.29877154  8.95804188]]	4
[[43.38988554 14.34490635]]	4
[[46.84961054 10.76959793]]	4
[[48.44809102 20.82863892]]	4
[[41.84716631  8.79470631]]	4
[[30.44067261 40.54485159]]	2
[[43.61343682 13.6357658 ]]	4
[[40.04513428 10.59266382]]	4
[[51.13313959 16.478841  ]]	4
[[48.07794913  4.74666744]]	4
[[38.74728195  7.94282807]]	4
[[40.32194589 20.59662997]]	4
[[39.37588009  9.79915243]]	4
[[36.00455483 12.14174949]]	4
[[39.57501135 10.54162508]]	4
[[16.85833794 16.19153293]]	3
[[20.0243136  37.04566012]]	2
[[22.9714902  46.44359077]]	2
[[36.40597465  5.64924705]]	4
[[-9.71523544 41.27982382]]	1
[[51.59141279 17.33342956]]	4
[[25.96235379 37.61608513]]	2
[[53.31162452  5.15855524]]	4
[[41.00130841 16.24070232]]	4
[[18.88839548 21.10885135]]	3
[[28.9574851 20.2464382]]	3
[[13.10306864 16.79515776]]	3
[[43.5811177 30.9048427]]	2
[[45.67289535 18.21976481]]	4
[[39.16990777 13.38439765]]	4
[[50.03847217 11.8935513 ]]	4
[[17.28317646 23.2693936 ]]	3
[[42.34695789 16.70411759]]	4
[[51.20383003 12.0767446 ]]	4
[[48.16056371 12.736019  ]]	4
[[26.14388703 41.5408976 ]]	2
[[49.39063788 20.46769428]]	4
[[53.75347254 22.09908407]]	4
[[17.01204205 18.80311786]]	3
[[42.12521355 12.20002798]]	4
[[17.682256   15.94840411]]	3
[[50.62922254  9.9906646 ]]	4
[[39.73403976  3.67297707]]	4
[[15.40276058 29.49583845]]	3
[[53.97068504 13.48796365]]	4
[[50.88171901 17.68904721]]	4
[[21.15101239 19.95386224]]	3
[[52.9767114  18.25257929]]	4
[[47.2358918  15.18423621]]	4
[[21.1786862  20.90614235]]	3
[[45.06851471 28.27539426]]	2
[[14.18765769 20.05296277]]	3
[[17.66692994 16.14420672]]	3
[[-0.80362044 28.42601046]]	1
[[ 1.60826317 38.65737705]]	1
[[ 2.43478043 41.3551312 ]]	1
[[38.84637061 21.09592657]]	4
[[43.29450239 14.38201844]]	4
[[23.19175625 37.93842718]]	2
[[42.14604441 44.37220801]]	2
[[19.38641566 26.97580054]]	3
[[26.60398409 23.52194684]]	3
[[21.0899528  21.03876139]]	3
[[34.74158805  9.94879454]]	3
[[49.45961003 16.93908009]]	4
[[52.60073834 28.13496961]]	4
[[ 9.25026175 36.95695923]]	1
[[42.38320702 13.85668405]]	4
[[10.42606558 28.3230734 ]]	1
[[21.64763767 18.40598122]]	3
[[22.06944883 26.13351083]]	3
[[32.64722905 39.66995272]]	2
[[32.49282791 35.17397308]]	2
[[50.65642707 19.87060312]]	4
[[ 5.53115091 32.74483759]]	1
[[15.73312289 15.32961192]]	3
[[45.45717089  7.02833019]]	4
[[45.1433907   8.60027246]]	4
[[45.49892221 15.77097454]]	4
[[19.44586334 13.15017651]]	3
[[41.34613828 22.85604376]]	4
[[35.25249107 24.35390329]]	4
[[50.54973555 17.19102136]]	4
[[22.56622785 11.54145095]]	3
[[42.35523845 11.01701858]]	4
[[41.22268632 18.0276903 ]]	4
[[23.59668648 44.86165942]]	2
[[44.0697331  15.01432575]]	4
[[25.62459068 22.91458352]]	3
[[31.01209395 41.20931709]]	2
[[55.37852481 15.96608146]]	4
[[11.53185722 37.23196228]]	1
[[14.78965177 11.13428217]]	3
[[45.58234834 14.13614705]]	4
[[ 5.44186421 38.3689174 ]]	1
[[53.87504651 16.88235453]]	4
[[31.51539707 36.0863583 ]]	2
[[48.54166852 14.96308742]]	4
[[49.66454677 15.94623559]]	4
[[23.74967526 20.58842059]]	3
[[30.67092718 37.03179354]]	2
[[14.78169874 24.58598488]]	3
[[34.98438577 41.25016029]]	2
[[49.01217157 20.06767831]]	4
[[46.94761184 12.8143125 ]]	4
[[47.73618382 17.3820555 ]]	4
[[49.56830789 12.06480153]]	4
[[ 2.55725639 24.43225858]]	1
[[49.79022675 13.86254202]]	4
[[-1.3535424  36.29800722]]	1
[[47.07587039 22.16794748]]	4
[[45.48607231 14.19136079]]	4
[[50.86278393 18.9741432 ]]	4
[[41.06465133 18.00480105]]	4
[[46.05302776 20.80959172]]	4
[[ 4.15712733 27.38683978]]	1
[[44.77521006 18.41725137]]	4
[[13.43980473 14.19902203]]	3
[[44.64921612 26.5742564 ]]	4
[[49.56576651 21.21068335]]	4
[[ 1.20845035 33.90334111]]	1
[[17.8384755  19.09079521]]	3
[[51.71824489 10.9870891 ]]	4
[[35.72077805 18.0138176 ]]	4
[[30.54389927 36.01150328]]	2
[[ 6.83089671 27.86290067]]	3
[[22.59079467 22.94526579]]	3
[[19.50497854 20.20258681]]	3
[[34.89647835 47.02664934]]	2
[[41.58878472 14.5418952 ]]	4
[[46.19266004  5.45275971]]	4
[[ 7.55809746 33.79798267]]	1
[[18.60081467 21.73440593]]	3
[[ 9.59312318 17.77595188]]	3
[[43.34932227 17.02138436]]	4
[[45.48068693 22.27025432]]	4
[[28.22591603 50.61082149]]	2
[[19.40424347 25.86889248]]	3
[[36.95250774  8.16557694]]	4
[[21.0794429  39.12113814]]	2
[[43.53681703 12.6645884 ]]	4
[[44.74876621  6.28210486]]	4
[[47.83986946 18.6733561 ]]	4
[[43.64213466  4.99043243]]	4
[[42.38456617 16.70612563]]	4
[[ 2.42968451 27.60842892]]	1
[[44.82642774 19.29350766]]	4
[[31.03811394 33.29218795]]	2
[[20.86683041 14.50164579]]	3
[[45.22456814 23.54682228]]	4
[[32.49102092 45.74925163]]	2
[[ 6.27518086 46.00965507]]	1
[[41.63144661  9.98072097]]	4
[[22.28558928 41.33356952]]	2
[[33.00293932 49.27553666]]	2
[[30.07244299 46.47520701]]	2
[[ 8.31540385 27.27068314]]	1
[[43.84382098 12.11147644]]	4
[[ 7.5665349  35.27018363]]	1
[[28.94022603 38.32846845]]	2
[[18.42121309 20.1871422 ]]	3
[[25.17240684 25.61550844]]	3
[[33.00768352 43.15953671]]	2
[[53.40898406 19.96463755]]	4
[[ 7.56309575 38.38383733]]	1
[[42.12182002  7.95084236]]	4
[[39.35013847 16.82149934]]	4
[[49.68724981 10.06887578]]	4
[[14.03679696 25.25783002]]	3
[[23.55780494 15.88735092]]	3
[[46.38874284 22.01075586]]	4
[[16.05346597 20.23757094]]	3
[[23.18188164 17.04231874]]	3
[[13.82168793 23.40327183]]	3
[[16.59564453 17.23735434]]	3
[[42.39802603 12.09864871]]	4
[[30.60340807 42.163749  ]]	2
[[42.84602169 16.52818183]]	4
[[25.50642847 44.25347094]]	2
[[36.62436468 15.50457214]]	4
[[45.64633747 12.8560513 ]]	4
[[42.62404315 10.91477442]]	4
[[30.40723022 39.52479178]]	2
[[26.1960824  22.56009659]]	3
[[11.64908851 36.69944705]]	1
[[36.36451255 22.35268014]]	4
[[31.02231976 30.67655902]]	2
[[47.44761976 24.16916722]]	4
[[46.04971252 13.57546255]]	4
[[25.75599304 26.82038115]]	3
[[49.22504023 22.17112007]]	4
[[38.62663999 14.40557168]]	4
[[50.05637559 14.12818287]]	4
[[19.22863426 17.84275224]]	3
[[48.65163614 15.9396307 ]]	4
[[36.18968817 34.11863621]]	2
[[11.93176998 27.04714088]]	3
[[41.45759375  9.41078397]]	4
[[41.68652109 12.37199308]]	4
[[ 5.67366679 34.60810839]]	1
[[54.20714474 14.22580272]]	4
[[18.06161086 20.81208602]]	3
[[41.06958899 14.79971114]]	4
[[12.58856589 29.71122971]]	3
[[38.9676354  34.68171177]]	2
[[21.26057013 14.27496603]]	3
[[16.26699668 27.05191041]]	3
[[29.25608248 41.17783945]]	2
[[53.89962553 11.24183164]]	4
[[50.21673633 20.11765547]]	4
[[ 4.55023376 27.2400106 ]]	1
[[42.96888134  7.56280855]]	4
[[39.56467691 21.16994212]]	4
[[30.14429059 44.28155799]]	2
[[16.06512555  6.51248557]]	3
[[38.68623004 21.38954985]]	4
[[38.99817212 12.72834112]]	4
[[13.6340043  23.14362667]]	3
[[42.33482677 28.06581335]]	4
[[31.79173453 38.60853448]]	2
[[29.66609914 37.39714718]]	2
[[31.54094954 39.84072505]]	2
[[28.54844197 39.7558349 ]]	2
[[16.14670033 19.1269071 ]]	3
[[47.86902966  6.74782602]]	4
[[43.39625692 13.54854121]]	4
[[ 9.30700485 36.9717057 ]]	1
[[56.76928052 21.78607797]]	4
[[24.9390965  51.10410445]]	2
[[11.1274701  18.29396529]]	3
[[32.9399622 46.9382895]]	2
[[49.89466973 24.26589423]]	4
[[48.12238922 12.71577388]]	4
[[51.66349412 12.77028796]]	4
[[44.73251875 31.66938376]]	2
[[43.70361842 34.75248407]]	2
[[40.39805965  7.88093808]]	4
[[45.58321098 15.20852205]]	4
[[44.22519931 13.07310185]]	4
[[31.50201432 39.18623851]]	2
[[30.63964535 33.49722238]]	2
[[ 5.05753581 39.37349602]]	1
[[33.64992847 41.57865495]]	2
[[45.9308889   2.37056888]]	4
[[39.58824797 16.55153367]]	4
[[55.20588005 21.314051  ]]	4
[[ 1.07408328 32.6643943 ]]	1
[[12.5646741  36.19578992]]	1
[[ 8.56717653 45.50146043]]	1
[[21.99052044 25.99154358]]	3
[[28.24923388 38.71938778]]	2
[[42.31486415 18.80965274]]	4
[[28.28329931 30.91040095]]	2
[[20.98760622 27.34679982]]	2
[[18.60655629 20.75448955]]	3
[[52.04304724 13.2049603 ]]	4
[[43.61356006  2.95957445]]	4
[[52.19809364 15.52475969]]	4
[[21.72916732 28.35634381]]	3
[[20.92215155 22.60452089]]	3
[[51.0049546  19.93875639]]	4
[[51.84516858 25.49025611]]	4
[[49.30577568 12.16206602]]	4
[[ 4.5917061  44.50268051]]	1
[[ 8.88994261 29.42118684]]	3
[[45.43288151  9.44799147]]	4
[[47.84018216 11.0502302 ]]	4
[[40.00759056 14.89596208]]	4
[[45.20555573 16.34827244]]	4
[[38.18309028 19.68952963]]	4
[[39.77762835 16.951102  ]]	4
[[44.19848004 14.99671614]]	4
[[42.30718352  6.68701562]]	4
[[22.95804802 24.72516447]]	3
[[51.14647551 12.17710471]]	4
[[40.65610809 12.28182573]]	4
[[34.20139608 39.34264681]]	2
[[34.05512601 38.61083506]]	2
[[27.59712229 41.18655444]]	2
[[14.9199537  25.00113484]]	3
[[47.37463067 14.60975597]]	4
[[12.38186675 22.35522296]]	3
[[39.9144476  15.75463427]]	4
[[ 7.73519303 32.6150425 ]]	1
[[-2.2926302  32.29592468]]	1
[[47.02838283 19.82954855]]	4
[[37.95271158 49.32262154]]	2
[[34.45114098 41.73152361]]	2
[[18.91313921  8.62797219]]	3
[[20.31095923 17.12012423]]	3
[[17.21079405 10.93264532]]	3
[[45.93665517 12.76921076]]	4
[[42.6564239   2.60830685]]	4
[[15.46732954 27.67420073]]	3
[[19.51642448 20.21274256]]	3
[[40.89999751 33.42854083]]	2
[[34.56694727  9.29343671]]	4
[[28.11741741 39.42745766]]	2
[[23.44232189 17.17162504]]	3
[[16.00667523 28.21918292]]	3
[[36.95302297 11.08177717]]	4
[[40.06133855 19.2856004 ]]	4
[[48.06167456 12.26274481]]	4
[[49.00840515 16.97806494]]	4
[[37.59247217 42.01166467]]	2
[[40.84568395  7.23812806]]	4
[[51.64524116 10.91861758]]	4
[[43.13814081 17.8313734 ]]	4
[[23.4197971  42.60567958]]	2
[[33.364212   39.11634899]]	2
[[52.78302795 12.55781168]]	4
[[53.83865887 13.04701483]]	4
[[55.11545896 18.0641968 ]]	4
[[34.22905054 35.43691242]]	2
[[46.46054303 12.47139599]]	4
[[43.86450974 22.29683489]]	4
[[55.15506369 13.1194952 ]]	4
[[18.4671598  10.44168758]]	3
[[27.87057922 33.18684013]]	2
[[45.78311498  0.05097023]]	4
[[51.37550206 16.71203049]]	4
[[44.77277159  7.78698345]]	4
[[54.63835218 18.95978962]]	4
[[15.69249845 25.03937615]]	3
[[20.08827168 16.08433261]]	3
[[-0.16161662 36.28840189]]	1
[[44.3972098   7.00344643]]	4
[[32.49977653 40.31506842]]	2
[[40.68693076 17.793011  ]]	4
[[20.30393612 31.02876814]]	3
[[39.97710477 36.4879243 ]]	2
[[37.69372973  7.62832152]]	4
[[22.34128216 16.38812182]]	3
[[46.92188006  7.88977594]]	4
[[30.14295548 33.43315122]]	2
[[47.92774927  7.65566142]]	4
[[33.27640888  9.85754484]]	4
[[49.5947153   0.98707445]]	4
[[47.72253183 18.79575533]]	4
[[42.70383466 14.80292926]]	4
[[20.97579634 22.9012486 ]]	3
[[43.57120601 13.7743148 ]]	4
[[28.79692431 46.69903537]]	2
[[30.73644483 30.16245764]]	2
[[ 6.0723361  39.26803828]]	1
[[10.49892662 23.38647924]]	3
[[40.7008288  13.57715437]]	4
[[37.027429   34.65954252]]	2
[[31.5832983  38.15975222]]	2
[[52.97515398 22.1130893 ]]	4
[[24.25170155 25.0665562 ]]	3
[[20.12264842 14.91730139]]	3
[[53.77207549 12.56295972]]	4
[[49.72551971 10.28029109]]	4
[[41.35685465 19.7995406 ]]	4
[[38.1049395 17.3396336]]	4
[[28.11697772 28.00656295]]	2
[[24.9408526  29.75322877]]	3
[[18.79174932 13.06750848]]	3
[[33.53479083 15.89736443]]	4
[[ 2.88455207 41.47435296]]	1
[[48.65410674 14.19039199]]	4
[[20.60792268 17.21084104]]	3
[[40.22907284 13.92176781]]	4
[[50.57296912  5.55693824]]	4
[[42.17418066 10.20863185]]	4
[[50.4782035  13.12068939]]	4
[[22.28257002 28.50297956]]	3
[[36.47526627 15.94694935]]	4
[[ 1.67482239 32.95148523]]	1
[[38.73311229 39.6637227 ]]	2
[[46.05712246 13.85844945]]	4
[[51.03393689 17.64229552]]	4
[[44.78153763  6.92349127]]	4
[[19.66539386 16.13890546]]	3
[[49.84975274  3.88967695]]	4
[[17.05101028 43.51585564]]	2
[[47.82557133 20.45987922]]	4
[[41.10113867 14.52824639]]	4
[[18.64696893 18.39704144]]	3
[[23.37232932 31.59296083]]	2
[[52.59349454 12.19399944]]	4
[[40.98326019 14.10549837]]	4
[[44.76856717 16.77354898]]	4
[[44.16668488  6.6034115 ]]	4
[[25.30260291 25.82103914]]	3
[[14.66370341 41.27803317]]	1
[[-3.3344608  34.10005261]]	1
[[16.64612892 24.92537863]]	3
