42.7116249 10.907435 
27.9574179  36.82500085
27.04493149 35.78077861
 3.79188138 36.16073254
54.66320186 14.07361463
 3.25037877 22.48308472
32.44203809 44.31769843
28.47381692 41.49476811
50.17665019 16.34027543
15.91627728 40.06454638
22.09994649 48.09055546
32.88408378 49.77843314
24.48329057 32.80092596
 7.88307511 29.91966077
26.4839089  36.67810641
45.70358466 15.77823988
35.75566419 37.95211011
 8.87981243 21.50586625
49.45357452  7.5208061 
46.96182362 20.59198205
41.83478337 21.08725437
43.61943149 16.70815287
45.60166931 10.91129823
51.70262979  7.41710722
32.74084621 42.16739217
31.91873804 44.13446093
28.83425287 41.62627666
47.96187883 28.8477374 
44.71405899 16.89090644
38.37707949 11.65912721
42.64269735 24.47739708
34.32114948 42.59597617
42.13244168 12.74360896
20.44744139 27.8682587 
 2.15364436 35.33591758
39.57271954 15.07416352
33.60139678 26.03196029
28.93394252 40.54311642
19.08373874 20.58991267
31.09256428 37.65752681
24.53389192 42.32428658
39.42799079 18.27695766
19.92477709 24.20557685
51.25636081 15.41139066
53.92301888 19.39280762
40.98063188 13.89283537
41.26940991 11.16531797
21.98234989 13.64769308
39.75101243 13.31093628
19.1084635  23.43105624
45.89622075 12.11222295
25.2266732   8.59072785
29.69630301 43.59213641
32.20680169 38.23676384
45.79856246 18.62358426
43.44864298 14.63400054
29.70708186 41.45161161
 0.96264155 35.38437304
45.00360763 12.91860145
49.68680028 17.8252644 
54.94987723 10.85158132
30.19686038 41.02361273
40.31229819 20.35616405
36.14338637 10.46371027
37.11099524 36.23354926
24.28279628 45.16651542
39.94041454 28.26643514
45.52885787 22.76324069
 6.40354171 49.70266354
48.92228105 19.82239421
 5.09267773 32.71189585
25.17157263 21.11704997
33.81545171 40.12528566
44.04000993 15.81349445
 6.06221039 31.40807048
18.0630736  24.58231918
18.51898277 27.07619837
40.45972864 22.74350884
38.82479576 10.99658665
40.26179084 15.34909994
23.43819338 27.24603634
34.89305108 39.36232649
14.87000299 18.90248623
40.00811419 20.11666486
10.63013166 42.2746885 
47.35470481 17.73947226
19.58068317 12.85182973
24.65634496 28.39307871
11.12443776 17.00881388
24.48949947 32.60500799
 3.98014655 12.70569471
39.81280722 13.15819026
27.54447325 19.01565738
42.02100581 13.15171877
42.42834572 23.69129626
22.71043246 14.95366009
22.30197478 19.12396842
55.80101382 13.82457891
45.7397271  10.59927382
 5.95049312 25.3795107 
41.57223277 21.12455092
47.43031676 23.56539858
43.66200028 -0.81873698
30.12173021 37.60198135
16.48430965 16.39457574
35.74340302  5.14802923
49.93055807 10.87371918
18.05977204 25.360493  
49.7466416  12.34368592
46.67539366  4.92311352
26.94836018 41.50385327
44.01368035 19.84842393
29.78666491 37.90383252
39.71754788 14.54010947
60.18773134 15.54954015
47.85883437 26.47754673
46.37111833 17.46334594
19.16229015 20.56139134
45.73703478 20.33758139
30.70344093 47.20344476
48.77299759 15.16559431
50.48877257 16.49678133
50.8499051  20.83633491
13.81683627 25.42040984
21.22477384 20.95563079
20.52266618 19.6496155 
45.1022069   9.36617669
 9.3850376  17.83589655
47.45482171 26.52290078
50.87105187 19.02629256
25.68579629 24.19216848
29.12901993 41.75546063
15.48262671 22.85295486
29.42855963 20.66622256
25.14521248 38.1590698 
42.40528556 15.86592253
46.8800029   0.10453425
32.6186656  40.65846652
53.9317742   9.86432591
44.20588891 18.47703876
38.04125586  7.69076859
18.4186491  13.35346979
32.75003739 39.59021599
29.37674737 45.53921255
42.28862434 13.29412349
20.85875588 16.30194265
37.46818617 35.03170351
-7.86400535 32.49205576
23.84086068 45.92968007
31.61261814 36.54930248
 5.05226858 35.43768798
54.3708087  14.36237822
46.55723224 11.5416044 
45.04706624 11.34252261
 6.346059   34.84836315
33.80191478  6.0359322 
16.90897082 41.81484936
11.13514243 17.01054135
18.33590179 16.21584296
49.57073853 16.39818621
39.03665966 17.2785482 
43.1538448  11.80710893
51.77147252 19.89286649
 1.63651681 39.28924962
50.39396065 21.12048096
 5.75352486 38.67848371
-1.43380747 42.05936793
26.25426071 20.06199007
 2.27269138 32.03439181
42.1476386   9.68991683
 7.45042763 39.80146506
16.2006991  35.10122856
40.33785594 19.44427795
 1.69292333 29.74686216
35.29869959 10.38895547
52.84040215 13.57436613
52.18897971 20.51999213
49.20948547 25.71721356
42.71986898 16.26860288
39.23149652 21.63067798
25.50038785  6.52981026
43.47919279 10.42809799
43.40359556 15.92381188
39.9052385 42.1511489
25.98140678 23.23252915
53.33014383  8.16802875
13.46595547 11.776434  
 5.75599692 37.51208299
54.83995348 12.38963907
41.65627    20.57387233
52.67134359 17.54256111
26.64017752 20.19758204
 9.83212429 19.74965264
42.04126196 13.90357544
20.82717608 28.19850724
21.32342076 20.81906684
15.50141072 11.03631217
26.85716707 35.85487751
39.35276718 42.31882447
28.94716552 33.33046578
45.50352524  9.82206473
43.5844303  16.15877821
30.56748277 36.10031755
36.7547938  36.69922576
20.05968501 19.96386003
48.07633254 10.01175603
39.35464855  9.89945127
43.37503562 14.04067508
26.20207328 20.73595684
41.20545436 21.33295125
28.5099471  12.20903081
48.31362936 15.32501595
30.09273116 29.65492981
49.19437284 12.68756497
30.2142839  42.59161342
36.25998687 11.67955021
24.97533518 38.40182859
41.26081795  5.4761548 
45.85667009  9.40117049
26.86565895 17.22955156
31.77661834 38.25027307
36.15441759 13.73580088
15.24138475 20.3161888 
47.02780037 13.88873927
32.90419275 46.80904532
 6.97283131 31.23755588
48.86153592  8.02220204
27.21674995 44.15318902
17.42665709 20.02578333
31.85675985 41.26421613
43.09444777  8.23384257
31.59947606 14.62554458
31.6613038  28.02896126
48.53011204 13.88484316
41.92439972 16.25019124
23.37180122 47.57499188
43.13691098 17.63975114
17.0601972  32.88112275
42.03576122 18.9429474 
39.7293302  15.58636484
47.86726863 19.86256204
48.63510659  7.81302186
53.43912081 12.04884935
25.48443879 33.58216041
38.68554797 20.52853123
 8.68604725 31.89876787
37.25506177 19.09467024
18.15718782 28.87593716
43.86403513 11.89923736
50.11094427  6.83263632
53.45139   11.5974733
33.63613031  4.66083424
44.18842814 20.37705131
26.43501996 41.42860718
50.94575698 25.86484457
50.48022642  2.35238923
33.5539891  11.61543591
47.80505126 11.09986465
10.48581388 33.91557516
48.97848981 12.38870077
51.95155523  9.42080533
52.65115441 18.051256  
38.02455443 13.16958386
40.72830406 20.5867156 
13.26725117 18.31899365
22.43160904 16.73507915
43.05878659 17.62389494
39.59629683 10.43396266
48.2665304  17.93022671
52.85961988 12.91409535
25.14752168 28.70217947
43.32150336 13.49575146
27.48326428 36.51055877
13.19068325 23.50318333
 7.64153201 41.8434336 
19.69907697 22.31151755
38.22313495 14.87427667
50.95786897 23.41328851
32.31843573 41.56170476
44.14784022 15.91005336
32.18145692 22.49769712
40.22344715 11.30676045
36.84127632 16.41768217
48.56207379 13.84065629
52.84049246 17.68856342
52.3920472  15.63484828
45.43922266 20.65965591
 6.59493472 37.13971086
46.94535579 17.41363833
24.11854292 15.88717682
47.74514608  9.27836699
44.07363381  9.23389723
38.01049718 17.15065221
46.12069084 -3.44761645
14.36472966 21.87711239
27.17567959 40.68616345
-0.74172281 33.82595945
48.8567994   8.04850154
53.04501192 22.49729233
19.78253704 20.54969848
24.42761877 28.31452649
19.91986965 17.35578968
40.88373159 15.50016677
49.16449745  4.4728447 
 0.15958366 32.93567952
42.3224877 13.7328621
24.09658906 38.04117553
13.12064252  8.01274995
27.05569824 43.65944109
38.17254273 15.49884498
22.57728954 46.14122955
40.82312637  5.14227798
43.92998676 10.84401433
43.06963141  6.98141342
55.01820843 12.4104953 
 4.49373501 43.65585333
12.72856909 37.20502596
16.12215422 10.73845672
41.9436626  15.99620879
41.79379908 14.87845741
40.58482982 14.77236264
11.0702943 19.2280994
 7.84299228 28.85022362
39.60204089 15.55641661
24.59908116 15.11305046
38.27234419  8.98321788
52.0237066  16.23443532
18.26751802 28.01171226
32.43044   53.4498724
25.23886969 27.3603787 
32.59028215 38.13121303
18.87875987 42.95033606
49.47477992 23.68449231
43.82078237 13.24953424
46.74577374 18.50837981
52.52828843 13.14004888
29.53026974 33.21876882
40.9770207  10.01297554
-2.7007597  36.09155832
43.94359814 25.17443981
12.28358382 32.6174846 
47.50908301 16.48871189
48.55010634  8.82353905
30.40646151 35.07752344
55.27971419 12.79164133
18.23924092 25.65261756
28.45032258 34.11367409
11.74618745 31.93887936
36.7658646  12.83140886
 1.1111637  27.29576221
29.92727077 19.23698321
23.71564568 54.54742418
34.58131231 34.65989148
37.97983208 49.60068819
37.55999638 40.92960734
52.71553578 11.85543556
30.052589   36.04509632
55.67394171 18.40421668
 2.01319123 36.08406785
41.14397079 14.5558816 
11.99026648 20.26678239
 7.52644152 31.14027671
30.09243674 49.01594256
11.8907689  18.53079872
25.88313677 11.29748024
42.46862411 19.51755556
47.22890609 21.39571891
43.86087381 20.82329159
52.28353635 17.54940462
47.31791681 19.53170018
7.1141319  8.19444716
43.24229837 13.61169463
50.17505872 19.67791086
27.18905545 36.60210876
60.30036048 10.33313299
55.38661821  8.25069033
23.15898502 19.52191919
 1.06665885 33.41472832
45.51859253 20.98978498
25.38714683 42.6461331 
-0.10399273 40.41070682
23.20676823 24.20270327
26.46786692 36.31801552
44.32582073  3.77668001
39.18046598  6.92392647
44.80926309 18.86966756
 8.61263518 43.84626336
38.01212614  6.12839089
38.55358201 19.11502463
23.15872224 10.54572267
32.78284697 46.2593333 
37.33035431 14.29909396
32.53342802 45.41041283
22.12548764 19.20366694
47.82160286 18.84793081
28.7222649  29.01789979
49.82363073  9.0213669 
43.05663832 16.75684445
34.9529372  16.93331948
39.84426331 16.68465929
20.73265265 22.64349753
29.43180482 39.52977674
18.80537018 28.69522298
36.925992   11.66716609
13.66736153 32.5920937 
39.54879619 18.77228966
41.06077586 37.07052487
44.06841478 16.8682969 
30.64876983 33.61129734
44.71763785 12.49075794
48.02416326 21.64330911
46.67732298  9.95397207
44.22860601  7.26930067
24.14185133 40.1617487 
47.89989246 17.38848698
21.83098665 27.90350448
40.24405693  5.44255642
23.13180123 40.57072047
25.88969883 41.79194675
35.90301181 10.76023942
45.44192092 12.06271968
17.71892873 32.73453467
54.63307464 17.46344265
55.58029734  5.35414517
49.40730263 22.08666598
 0.24089802 36.11231564
45.4892084  14.22799809
44.48510037 13.20475061
18.23913852 29.49749223
26.48419288 26.09460381
45.31196475  0.96707571
23.29296635 24.80745133
50.16182531 14.7106544 
42.96156834 19.29079879
 3.44911594 32.15009511
26.36958663 30.58967476
31.10947938 34.38467366
30.2878436  44.70391642
46.60636379 12.88772655
38.95242506 31.14046648
48.21137516 24.00543474
 4.50961493 36.91399602
46.0708996 12.3466268
29.88354939 37.46316779
24.40651383 11.36790489
44.19443441  7.9828345 
48.4134407  12.30812601
47.33466178 13.75195066
38.10961593 32.25622387
38.28585449 15.13923785
41.19056403 13.29506178
45.23119552 10.50422227
33.13300755 16.45276039
49.21080919 21.62239478
47.74212656  8.37781405
48.20060299 27.33700205
27.80202791 42.33713332
52.62360122 21.34061231
38.24404874 14.77255895
45.10176912 17.42535314
46.51435758 18.09213272
35.46936509 33.868815  
15.53895985 27.1323483 
54.02823921 20.28291654
42.84352902 12.72020947
43.46473727  9.4336456 
34.21190541  8.29434182
34.37631576 30.57113905
22.75566066 40.92539438
19.39610974 30.44910456
19.85272548 20.63162018
 9.83060172 23.39316805
29.05275592 53.38236194
26.60588198 33.83716554
41.48711739  9.307994  
34.03797011 13.35848344
28.1112769 32.9975602
31.55526867 40.52126372
21.16700267 25.26820823
 1.45905499 33.06506393
47.39482931  7.57914547
30.18860497 49.42238353
44.71978905  9.50798804
58.24757695 12.88486584
-6.95345264 39.63830244
42.6004938  18.12423783
44.15901403 13.79048465
38.8791995  23.66360193
30.00480544 20.1453308 
 3.5004301  43.51180783
43.66606657 19.50372405
42.99221091 16.60003624
24.40402223 35.19139905
 8.76838117 37.30393287
 4.39678011 36.41687192
42.71161395 18.60792444
12.52816894 30.76839472
50.56291508  1.01866192
26.21373396 47.56364223
20.57389551 25.83593392